frame,R1,R2,R3
1,29.0230219828151,29.0230219828151,29.0230219828151
2,29.2352829342616,29.9001122583945,30.0415706851971
3,29.4225179600429,29.9679464936079,30.1508920821224
4,29.5577220257623,29.9317536660088,30.3107388856345
5,29.7937169755381,30.2750024949793,29.9691679358878
6,29.4374239534677,30.1660529855248,29.6104426941533
7,30.1296068803917,29.8377178470204,30.3341603270762
8,29.6028156599781,29.7501005378758,30.1462831532419
9,29.5228214856358,30.2521634124568,30.3325046024102
10,29.3527760770207,29.6637381306517,30.2472071885547
11,29.8396848326254,29.8189047583075,29.8230374860571
12,29.7740680201033,29.8815835281054,30.150640136893
13,29.9504471136816,30.3695896550773,30.088812242241
14,30.3776988674127,30.1626113911404,30.2480199416892
15,29.9317337219327,30.6283753273443,30.0169661513405
16,29.8576560361243,30.84874774397,30.1113148115941
17,30.47161205442,30.2457740464667,29.8776097201069
18,30.0194104536378,30.0182845332721,29.7455221860684
19,30.1278486246148,30.0613640696629,30.223270219503
20,30.0796378675677,30.498319154455,30.3699590691852
21,29.7733080050947,30.5703590886894,30.2378575620468
22,29.5836899913195,30.4870926733812,30.599723883714
23,29.6101273605927,30.4951418065691,30.2060264103707
24,30.26376630079,30.0334952490603,30.0567573608775
25,29.8427851528903,29.9638074588274,30.3305736590892
26,29.8566054429263,30.6941915310796,30.0721597248247
27,29.7915948503665,30.6213318654029,30.5395850467311
28,30.2161959326208,30.5265542574211,30.234834472011
29,29.7216821327745,31.1778941342717,30.0329977524996
30,30.328550676188,30.9224452841823,29.791133490576
31,30.2764552753089,30.3358919748309,30.0280121193212
32,30.0997688277254,30.476979119588,29.9181495242513
33,30.1224016350269,30.5318005144566,30.1827251870773
34,30.1867753574219,30.1483185109191,30.6735092316214
35,29.5427091259851,30.9744383268085,30.1733371699055
36,29.5556172115587,30.7967753762936,30.0372021991921
37,30.1935767906412,30.7671297713394,30.0976250463527
38,30.5595200899731,30.9639522405282,30.1726402542498
39,29.9005991190034,31.3614335236267,29.7489286699727
40,30.3595914394269,30.7733407936027,30.3910570464623
41,30.6332295519241,31.10411602112,29.5660561097517
42,30.3407277639743,30.7495623826544,30.0078911392174
43,30.1626583663182,30.8051864102274,30.2364502811354
44,30.5066072031613,31.2785511732136,29.9487300845561
45,30.1135577001823,30.9438871787595,30.388867206732
46,29.7910891666868,30.6343968059593,30.2781425981639
47,30.2123312260986,31.116070524631,30.34898163618
48,29.7040721405132,30.7894735128272,30.1768712998232
49,29.7428094391168,30.7190166948775,30.1053170655852
50,29.9154847565555,30.5875650825705,29.9702841628389
51,30.0735380775053,30.8665681040614,30.5298873500897
52,30.4171300460362,30.9129068485369,31.1154710111937
53,30.2380963705571,30.8307363397641,30.8657537061739
54,30.2075428017901,30.9721475547303,31.0888425280949
55,30.02434560654,30.8158758566407,30.8959528348319
56,29.9792985230335,30.6967533354948,30.6674014579389
57,30.541480132011,30.76839722153,30.9215598142251
58,30.2326045292957,30.5540854602515,31.1925605020372
59,30.6017008108906,30.1482836571865,31.5503204354787
60,30.5630330843944,30.7472508443937,31.3827145389985
61,30.3071440304756,29.8806326917946,31.2341940898777
62,29.9519847387051,30.3247822046327,30.5301026995242
63,29.8027964823891,30.7503267699906,30.6098003142935
64,29.915281126603,30.3529529662009,31.2762735874511
65,29.7772601530475,30.5049138202405,30.751831510775
66,30.6142861270649,30.7666222289754,31.3647870852553
67,30.021354726014,30.6828677365443,30.8077934944836
68,30.5764361030997,30.7541532615489,31.0088294050555
69,30.1338551670677,30.9451744588811,31.1021333890655
70,29.9835992237001,30.6525795183115,31.4900815691715
71,29.71833930879,30.9741615445085,30.476082114117
72,30.5278922500904,30.8418479786081,31.2625057723989
73,30.2376606645806,31.6271997611572,31.3856498325315
74,30.0647984253267,31.0157950042641,31.4940110400364
75,30.0792261497482,30.582278976498,31.3542733630345
76,30.1172392460889,30.7019367463056,31.6029470321103
77,29.9116179542825,30.2172457119516,31.4020851927371
78,30.4981085637779,30.3547500448953,31.0442027114139
79,30.291601283184,31.309660684174,31.4041806669285
80,29.7081633297809,30.4057479143661,31.6442310534797
81,30.0914947064379,30.5330022734695,30.9033991543955
82,30.3023042717596,30.3260676752652,31.9198875514535
83,30.0891327514016,31.675431549109,31.5602470550779
84,29.8711227201008,30.8074526039327,31.4205362821001
85,30.3003794039144,31.6823559554231,31.2403351876883
86,30.1227401717158,30.4762908231332,31.1770242129074
87,29.9037331845439,30.5321079568536,31.5905892392415
88,30.3853508286374,30.8876389028756,31.7143295161179
89,29.9647272795165,31.315436394719,31.3490956106739
90,30.3644987079421,31.1241079337226,31.7187348015629
91,30.2211352755609,31.3566334894365,31.7522185247631
92,29.6064151516327,31.038821555639,31.6752986100821
93,29.8916910618256,31.2929753920073,31.2821509664086
94,30.0478535893211,31.5437030764375,31.2531306541964
95,30.1851611371117,31.4997713577704,31.4470857409987
96,30.3442074488624,31.704926992411,31.034155432243
97,30.3723368851281,31.1986178290198,30.9876488902649
98,30.4876402507153,31.5481430507975,31.3020179793379
99,30.5736983296908,31.9023504552428,31.2888958440637
100,30.2385717038157,32.1419484037904,30.874164974956
101,30.4777966902269,31.3998464596857,31.0593673080385
102,30.3363126601785,31.1603962319566,31.0939097898462
103,30.159015939696,31.1715187952001,30.6479963847713
104,30.3041108324754,31.7535800425225,31.1450388692501
105,29.8273682597324,31.2281908742451,31.6683088225007
106,30.0244119507176,31.4011853475465,31.5097354822662
107,30.5118948643637,31.3371088627828,31.7814544101099
108,30.1026185039863,31.1412015602642,31.8657899885604
109,29.9256121133504,31.4302932890128,31.4870440951855
110,30.5965920343523,31.1195894610856,30.8455739472041
111,29.9736128769622,31.6343323567032,30.5445281301157
112,30.1305337598875,31.5919481373876,30.8571710021178
113,30.5502260257142,31.3800618339265,30.7089426858981
114,30.6355667976465,31.5260585958475,30.6842890060953
115,30.3908413173631,31.6234598643754,30.4922211563383
116,30.3616422013368,31.8932833259155,30.2807325235887
117,30.3816401008966,31.9247374878037,30.760796236451
118,29.9562074618529,31.3799897944402,30.331834848532
119,30.0358670730378,31.9439274148121,30.363886254315
120,30.0177936559828,31.4161345026913,30.4518959244422
121,30.055601639474,31.4873441470568,30.2367566382267
122,30.1458942684984,31.9070348079766,29.9516093628713
123,30.3079770832041,31.5858615598611,30.2702558845129
124,29.7881989975915,31.288271747815,30.5271979547767
125,30.174790510691,31.438096659736,30.3566964859235
126,29.6396758181458,31.1636381767316,30.5606632781004
127,30.1410689601103,31.4386331475041,30.1372100847784
128,30.2862825376979,31.3608881502487,30.0961268196581
129,29.9609429471639,31.1430775211584,30.0489594062348
130,30.3759577645843,31.5575952262336,29.9622200367488
131,30.4853386205356,31.943939455646,30.1759703672245
132,30.1863402459659,31.4740070128429,30.0845493556368
133,29.889504933843,31.2687202250692,30.0795367199386
134,29.9907605649389,31.5839026605415,29.9611087158582
135,30.4811143546923,31.8306931145449,30.0886991929963
136,30.3865136785893,31.1472856901874,30.2029256405524
137,30.0947230786161,31.3128995626374,30.2323211103029
138,30.0604199465116,31.2457987005395,29.9591511768866
139,30.2527609503907,31.5164250076667,30.1940465432471
140,29.2519415445082,31.7539020758527,30.218236911626
141,29.2087800893416,31.0970991543726,29.8379640899765
142,29.3608284661736,31.0976808256199,30.040974792291
143,29.5225402794819,31.2419416622187,29.6154500418005
144,29.5176368964953,31.046666241689,30.3030178534204
145,29.7584846796694,31.4110267581412,30.1658217664248
146,29.6710154613572,31.2306083869162,29.8388571504303
147,29.5241920573609,31.6335612697583,29.8740088418928
148,29.4687487730386,31.2209905426759,30.5751937506617
149,29.9075438226693,31.0312725577377,30.0845802938801
150,29.1387178454278,30.707230031338,30.0093129614161
151,29.3131396448116,31.0855794907241,30.431142750598
152,29.79469502171,30.476394673376,29.9226363297934
153,30.1778096636695,30.5949134475695,30.2200143819014
154,30.8397479132023,30.6797690588392,30.1157872569904
155,30.8714800864021,30.8538827487663,30.0311290645664
156,30.7674399638694,30.9987587504845,30.234829430578
157,30.3038473711458,30.8865004551299,30.2302789866125
158,30.4772996990474,31.0985260616875,29.8379536921911
159,30.2547148314989,31.0447178503222,30.0127008436153
160,29.8643412305799,31.1677717926369,30.0839540457961
161,30.5261614980813,31.1305025986852,29.9871241581784
162,30.1537487283626,30.9459349190928,30.2658748088121
163,29.9681832071139,31.2421801522622,29.9595723673979
164,30.3507204153055,30.945057015795,29.8558416340353
165,30.0066365399705,31.0621609409603,29.8871318356295
166,30.1829382627155,30.6162479537948,30.5636886593105
167,30.420946364525,31.2373321843432,30.5787751085251
168,30.57309822942,31.2509931904028,30.4424751415515
169,29.8169779586864,30.6872806538879,30.7917759023291
170,30.6993600564668,31.5254693679088,31.2545159544934
171,30.7618094650361,31.5014960736004,31.5221335333662
172,30.4620869066975,31.6150748620191,31.3691878080056
173,30.2399268485892,31.1738356323254,30.735455681503
174,30.2665789699968,31.1597797737493,31.0419167467056
175,30.2895249955181,31.2025490995966,31.3721152925434
176,30.6803247272451,31.5235609288047,31.4578839723844
177,30.0157362165741,31.5957015848933,31.2161907139475
178,30.0114540962094,30.8248595708387,31.1417690024922
179,30.2527376067671,31.916911747759,31.3706379035072
180,30.0995860567355,31.0989722538596,31.6705577048713
181,29.4713352245855,31.3406570977797,31.1158026598078
182,30.0647802904768,31.0966594969721,31.458224052713
183,29.9524904480795,30.9054834993675,31.122374994093
184,30.1882355977713,30.8851680988123,31.261828983238
185,29.7027091563418,31.3497372128992,31.3947963981167
186,29.871219195041,31.4960414122703,31.2304724423519
187,29.7219040918046,31.2962490617792,30.9583616825235
188,30.3808080948539,31.1074873777992,31.0878939794956
189,30.2089466091627,31.4694733249069,30.5782069085013
190,29.7984897259324,31.36816832106,30.6175477256802
191,30.140994023268,31.3670038130109,30.4065464680083
192,30.2115980364835,31.7055730367276,30.9274648954712
193,30.4004243216727,31.2479388431189,30.9157770717957
194,30.246772899887,31.2736934234281,30.7504464906912
195,30.6586622969477,31.4158286091471,30.697904379805
196,30.179362074265,31.0121240781293,31.0065295367447
197,30.4446694223646,31.2860667008285,30.8210840508645
198,30.1901872455309,31.4788879492673,30.5792987423333
199,30.4759216707371,31.6833184675702,30.7236096254829
200,30.0101032392725,31.1403687680633,30.8960652979419
201,30.4440885465683,31.4415716610674,31.1185948280664
202,29.4965468315895,31.6524286400716,30.9917242933751
203,30.0535670329305,31.7480521693123,30.5026312111152
204,30.1443754146947,31.2894926680054,30.8822631759725
205,29.970657031954,31.6657806909038,31.3639609599322
206,30.2162975219351,31.3602396814059,30.7907254674675
207,30.5368864657383,31.0426282136762,30.7042885199741
208,30.1694859172657,30.9218586030056,30.9620182667025
209,30.3667412175957,31.1358272319093,30.5612495026294
210,30.2263061152268,31.1855745317955,31.0380567784988
211,30.2687557319551,30.7186458992871,30.7502593882514
212,29.7788114928342,31.3630329571931,31.10171451009
213,29.9768499729107,31.8360924364472,30.6967222978184
214,29.9363695860533,31.1861407854286,31.2301283148799
215,30.5615955243939,31.1846445334639,31.045820869215
216,29.8339628396886,31.0210200160612,31.0503566430813
217,29.7547971548051,30.7621701058781,30.6965957864919
218,29.70816692671,30.8231942307774,30.8385664892839
219,29.8572990466225,30.4243736675324,30.786772616331
220,29.4869789489343,30.8654314957688,30.9431008070977
221,29.6292194642169,31.1992364723751,31.0090971371318
222,29.9707940310328,31.0867889276444,31.1215423191132
223,30.2768207319655,31.0504934345183,30.7526193369131
224,30.1276729930614,30.3303843864073,30.8552629584534
225,29.7315133691572,30.4529447793575,31.0875578979676
226,30.5591432816912,31.4978661963568,30.5696430932853
227,29.8388867028429,31.850255171314,31.0504188536655
228,30.0017568882114,31.1743597219123,30.800091634239
229,29.9874257726907,30.7251386566481,31.4762069172317
230,30.2625609641255,30.9104278502228,31.005944284956
231,30.7497650503813,30.8375683978661,31.0511516157409
232,31.0292113856133,31.0095592568791,30.8046524232226
233,30.8024047149629,30.7653221101992,30.6389048328335
234,30.6876015678339,31.2954611656682,30.5804756979534
235,30.6561097518473,30.7373755041043,30.5715418499467
236,30.3760033131775,31.058257118597,31.2183992588364
237,30.4216059459517,31.2017982936718,30.772820397965
238,29.9118444377396,31.0807813960917,31.0005319334633
239,30.1039663498001,30.6197959931721,30.8464522327421
240,30.5121260877045,31.5421908416629,31.1822125761638
241,30.2957683027011,31.2036244631448,30.2678222785979
242,29.9570957197842,31.028716463135,31.0660875181817
243,30.0974938072263,31.3872071255871,31.3355357890799
244,29.8538060375059,31.4598251321053,30.9367849263856
245,29.7555865610894,31.6098878673894,31.2189030160377
246,30.0783624573499,31.2370599677327,31.6445072867981
247,30.0814159265694,31.0022392769688,31.1515047491029
248,30.1156049099512,30.9108887458035,31.1738449480688
249,30.1413279110843,30.5357507720666,31.2925721548028
250,30.1616632455774,30.5451425735488,30.9902676074797
251,30.5628277531678,30.2949664677525,30.9166460250644
252,30.9201029682804,30.5382660892056,31.155096030977
253,30.2471506057957,29.9862582938592,30.4642606943402
254,30.1985418173309,30.191027963878,30.244435764676
255,30.1093861384776,30.4875072550211,30.2505108899497
256,29.9983598333232,30.6267047543548,30.0722620716447
257,29.7703676451859,30.3036132672491,30.0607807796122
258,29.875553670332,30.6570686874368,30.9321867009269
259,29.8750145626631,30.8493243769573,30.8688934761253
260,30.2417287074841,30.3719344090591,31.171376584766
261,29.6995958860217,31.02108286079,31.1052002400675
262,30.1023217802642,30.3561079813183,31.0635751596751
263,30.1534886485673,30.7278400995773,30.9698006107391
264,30.1278702469048,30.679259051223,31.1352827199003
265,30.1772182844336,30.5046570444616,30.9810586883989
266,30.1650809316857,30.5850023032934,31.4587844640244
267,30.3090230604997,30.6762177902941,30.8936153626085
268,30.0970876844617,30.4570442707005,30.8469188300862
269,30.2690409268603,30.8470522525557,31.2377204291547
270,30.0482885317173,30.7646124393349,30.972795395303
271,30.2677580469566,30.9749147299116,31.2320399255247
272,30.2470923000913,30.8544542039274,30.9146805556576
273,30.3700205554931,30.6607878386183,31.3555519875774
274,30.3793297093776,30.8500496338121,31.0238419194108
275,30.1916238257677,30.6537747068654,31.2146736448054
276,30.893215911776,30.5516096921931,30.7513175186171
277,30.0581319965714,30.9946641627947,30.7175683865435
278,29.9794333631036,31.4307139018915,31.0270181135869
279,29.8958174577977,31.2783083290006,31.0083346492824
280,30.0718873862002,31.1873180530216,30.8157448260768
281,29.9744044230573,30.6481996000746,30.8720812092951
282,30.280361057232,30.5764783449389,31.0679043404619
283,30.7780635073107,30.7260438252309,31.0198294603264
284,30.0606703952605,30.3505776121891,30.9715055574232
285,30.6189047196811,30.1613238126211,31.0856562471502
286,30.6347224092958,30.6669346066942,30.7996240667298
287,30.7325895076924,30.6555687877106,30.4864257058341
288,29.8239769326578,30.4670746055377,30.8349350884715
289,30.1067827058285,30.5903208981665,30.7616179752307
290,29.7640066174398,30.1374699510984,30.5052601526781
291,30.0042345138134,30.7784531700716,31.0360709579159
292,30.1672624610732,30.4711079809335,30.4084414663067
293,30.1800194989278,30.4182547863433,30.4877872026412
294,29.8539330969426,30.7481344003554,30.3006315857624
295,30.3595182362224,30.603075092801,30.322306560863
296,30.4502525834537,30.0300122305323,30.2835813126378
297,30.3609641526038,30.2084458796218,30.2298874923205
298,30.8831315155397,30.688699973602,30.5411368194155
299,30.5785374056573,30.5273203932806,30.6826708149606
300,30.5945670816166,30.5969535113616,30.6974460769241
301,29.8897314975841,30.4001272500978,30.5502006022256
302,29.9447695926552,30.2904409262754,30.7968418034081
303,29.6023332586959,30.3658105206649,30.4000469530254
304,29.9709883984291,30.4623447099117,30.6004830887408
305,30.2124241019601,30.5693988753889,30.2640052523277
306,30.0971150324167,30.3166436620979,30.4399152223177
307,29.9146227259815,30.5527742539962,30.2914959560811
308,29.9555705699878,30.4846208679255,30.4610527323644
309,30.5901551255832,30.2632729838541,30.5342221913366
310,30.0276942441515,30.3597890903931,30.4800914498745
311,30.0248777885446,30.6703834164917,30.6403517598586
312,30.5064892467343,30.8680489947599,30.3673866781513
313,30.1853800454986,30.6891229167356,30.478449645778
314,29.8390439925251,30.4946500532584,30.0823185017624
315,30.260307657425,31.3269292609197,30.52447559975
316,29.7343830186677,31.1388755124629,31.0707283579282
317,30.4121431345471,30.7029664222965,30.8967976207
318,30.2769041253935,30.4873516481231,31.1416984751891
319,30.1394397810214,30.4946190873314,30.8626096263101
320,29.9965416637035,31.0210455015158,30.7259080504057
321,30.0456734826523,30.5521588449835,31.3489718313908
322,30.0350592223946,31.1458363551235,31.5645281085413
323,30.7205835406104,30.2628448504069,31.798949985065
324,30.4885973191912,30.1432657097272,31.1197352582924
325,30.4762900663408,30.4225114914328,31.4503543601839
326,30.5847334408063,30.2928714639228,32.0278116095938
327,30.7763214369808,29.8583514082108,32.3945334961154
328,30.64398516536,30.0206003106162,32.6001497845503
329,30.6689979321129,30.6793500858527,32.2838662579742
330,30.4591782740814,30.8399423606776,31.4479099672932
331,30.3304192649708,30.7768507033244,31.8874174261806
332,30.4545796067159,30.527651448608,31.8391884655992
333,30.6380427904134,30.5950029620958,31.9315126161792
334,30.6437168533128,30.3815334291142,31.8775967423783
335,30.8370914310311,30.6577028477133,31.8945593847492
336,30.8219877863958,30.745841055957,32.4896057790513
337,31.0556413005768,30.5995231693515,31.877748139757
338,30.6674962798711,30.6629496301461,32.3043659264032
339,30.7787543006143,30.3958781045714,31.2360370437408
340,31.1267534412233,29.8896365550193,32.2042818067201
341,30.7449777133601,30.6150750794002,32.2959491276296
342,30.6837772114493,30.2208188699938,31.7831790928416
343,30.6914641060961,30.09455527615,32.4430820830643
344,30.7777029641116,30.1319680649116,31.7064531781297
345,30.8935588450392,29.8081088672331,32.0222637597185
346,31.1207699898807,30.0290202831355,31.8926727342322
347,31.1312984446479,30.2939475703153,31.8334208471777
348,30.3030602313429,30.3285720820715,32.299928406317
349,30.305068547929,30.0878706805553,32.673247478852
350,29.8542270473766,30.1066161551578,31.8218624059054
351,29.9621641409084,30.7073647315123,32.3123530475996
352,29.9932546550419,29.7169814997215,32.3532796570915
353,30.3131588783944,30.4648078265882,32.230351362493
354,30.6968693599151,29.6020001324147,32.3337274447218
355,30.9844081801904,30.0374885188145,32.5889004385062
356,31.3693373117937,30.2046395677388,32.197882637355
357,30.9591514707691,30.4299683451997,32.3525258540147
358,31.0401777139238,30.4113985671886,31.3048340466878
359,31.1986067592877,29.869581970033,32.3891208750767
360,31.2552391045397,30.1760145148732,31.8762486170226
361,31.1482939520525,30.2358404084243,32.0594593525362
362,30.4489521288255,30.399507478703,32.1068294283945
363,31.0900428067117,29.7882347644451,31.7826901903432
364,30.7746645762393,29.9307990811696,31.8999173367782
365,30.5087160432288,30.3605419474968,30.9903508553541
366,30.2452266369142,29.9984003897601,31.6589463025344
367,31.1536154845126,30.2223815729918,31.8731503450262
368,30.2981427290497,30.0773444240113,30.9236455733132
369,30.0414348154538,30.3532261815946,31.2970586734627
370,30.3282571964425,30.6719548818,31.0953004704514
371,30.4404783563046,30.2973105701324,31.1348359264114
372,30.5520696857801,30.7320681665952,30.181784851143
373,30.3922519519315,30.7773673183071,30.6096032207181
374,30.3996651200151,30.5107430448019,30.3972757686081
375,30.1313014346094,30.2340393241284,30.7638321588373
376,30.38449333183,30.6955646424577,30.5335990390975
377,30.0991296132109,30.2473037567117,30.3922342967917
378,30.5515891922415,30.3926094129518,30.7711004115817
379,29.8407149660817,30.5755471609131,30.2668670809128
380,30.3691058523991,30.8384606169005,30.9073846829198
381,29.8953640221505,30.5304814323991,30.5756224046063
382,30.0911269085777,30.4154588923107,30.6011295797142
383,30.0654080631356,30.2816551025376,32.0249984122405
384,30.4172086896332,30.3940819328525,31.7800358992964
385,30.1377996209087,30.4838669811376,31.4664327052817
386,30.0049696844719,30.3034927749809,31.1209312540192
387,29.8232471916537,30.6417884840292,31.3403972752422
388,29.6096551889582,30.5930581703371,31.9264881274999
389,30.0853821397289,30.6394572276429,31.9780395433362
390,30.2399127150394,30.2825139469779,32.3924458592583
391,30.528118085306,30.6110119358981,32.4770386490578
392,29.9923601526027,30.3223262202378,32.089840237292
393,30.1317275875788,30.5701170965141,31.841583826427
394,30.2873113206764,30.1787281348459,31.4756786617431
395,29.5987306358352,30.5082893747738,32.1952898270887
396,30.2160696299135,30.214284441332,32.2370669039129
397,30.0471739481379,30.6896934395558,32.2622788888512
398,29.8581735966954,30.753479687727,31.7521547215095
399,29.7820752097938,30.4999984241008,32.1391117408493
400,30.1832267702644,30.196586677829,31.9757865381267
401,30.5557735677689,30.3290178623774,32.0206209364069
402,30.0807737827518,30.7380631445833,32.1803815201001
403,30.3855945783574,30.4573209576674,32.5193608459284
404,29.9969685411608,30.943010060114,32.5490617108522
405,29.8081195692446,30.42703343918,31.5804379782949
406,29.8998570477372,30.3789948574721,32.4197267651695
407,30.0051734500015,30.9352274853136,31.8376784636583
408,30.1138355644554,30.4244783878621,31.8945690695041
409,29.8540912661052,30.3965424892781,31.3865458309255
410,29.8488132953847,30.5183702509714,31.891529517922
411,29.6855170713422,30.3543537807854,32.2008110885266
412,30.4630797909505,30.4190382165067,31.7545991522158
413,29.9496945738271,30.0931557789375,31.5036090418881
414,29.6897883734451,30.520815931779,31.9591313482702
415,30.0053450617448,30.6275724851776,31.7220106039697
416,29.8506627251298,31.2014735106012,32.166717803629
417,29.8837476841207,30.9937598739945,31.9153217908181
418,29.6896835579262,31.2077177362809,32.4312990891797
419,29.6518458228164,31.0102491438424,31.8499808784103
420,29.9587885027794,30.7140440262986,31.6191124006508
421,30.5034578374257,31.3655277639374,31.3912719241685
422,30.5665806844658,30.8265891591126,31.9290331947831
423,30.5603528748462,31.2524507240039,31.7763786887104
424,30.1626613184781,31.0723004009849,32.1158403402353
425,30.7049809318604,30.8384124797262,31.7660072808025
426,30.8574650736691,31.1584765213378,31.7162890221733
427,30.6013204481404,30.4154790981449,32.1585775090315
428,30.7630050815849,30.5267478835576,31.8425264591161
429,31.2301017698372,30.4610587158605,31.9966162520502
430,30.2879901534342,30.7067268255317,31.7538073959973
431,30.4665913761404,30.6566873422755,31.8481679603655
432,31.1668661761867,30.413922887019,31.6157807481959
433,30.5449329949444,30.3942548809797,31.7834228182829
434,31.0930168884581,30.5632598421258,31.5073102253507
435,30.8843987108022,31.0262102580637,32.0569417639271
436,30.4389158576517,30.8217079221797,32.0079123628355
437,29.827328977649,30.7329835861064,31.8051677205145
438,30.1303427583758,29.9605805565752,31.9292697664959
439,30.4922305845415,30.5820782745875,31.8965346296648
440,30.1147546668825,30.5195564531561,31.9173979931406
441,30.3652163103533,30.9399196975348,31.7948156039953
442,30.0787388163318,30.7401637483609,31.6178207709781
443,29.8254977376814,31.1903549601053,31.5488236260395
444,30.2957523206859,31.0320746279172,31.5598764136935
445,30.2029284223982,30.2272637982057,31.3553639650849
446,30.2998167556868,30.4298327841922,31.9554259856295
447,30.2612757612542,30.5220866571537,31.3978048644469
448,30.2005343418857,30.7676247432262,31.8909876719194
449,30.7195353800014,30.2420942848907,31.4918654703427
450,30.5148088283177,30.6185383743685,31.6710267457976
451,30.2530282021607,30.7113543146764,31.6135838445609
452,30.0563177538856,30.6279539441492,31.8258875224696
453,30.3168433683266,30.5131305317347,30.9289986526759
454,30.1435596567892,31.0916478734355,31.562551353559
455,30.1666321247205,30.8208960681768,31.7247165711811
456,30.5144087964225,30.6738116284788,31.4361475355305
457,30.0176366648218,30.5380934298557,31.6352111180206
458,30.4195174066828,30.8680591767499,31.608402884455
459,30.4352554946449,30.9456146464238,31.1896708855583
460,31.0122268378925,30.9112201535936,31.796131530337
461,30.6663229262223,30.4496678810275,31.1896674137807
462,30.8181204972098,30.8215274491109,31.0159862516316
463,30.5543448014427,30.6530771264062,31.1477968111218
464,30.6741952413801,30.7467676855637,31.75302446262
465,30.82908396857,30.7951899249621,31.1743487176191
466,30.7799593479103,30.7492298779862,31.3291877982425
467,31.154307892705,30.8409942546528,31.2851932246249
468,30.5670359547749,30.4476097970514,31.3509897537414
469,31.30568263347,30.3156864252508,32.1964402409372
470,31.4275758952791,30.0339383236317,31.8818550141496
471,31.4535065759813,30.3843839620583,31.9391581839118
472,31.3411990335943,30.2025078768215,32.1284200985541
473,31.3210621431036,30.5581860085783,32.3940150548051
474,30.9388263844461,30.1757389755809,32.1998317741282
475,31.0257933257229,30.2963439849364,31.7321620219425
476,31.0600127981572,30.4757582192238,31.9380528129857
477,30.9613215566065,30.6775681591926,31.5360360458013
478,31.1711077581379,29.7321881169486,32.1323385400971
479,31.2554284930278,30.1243496961381,31.5582740426991
480,31.0672695416835,29.9057922098199,31.8945457116068
481,30.1051040082568,30.1706183550743,31.9610076677045
482,30.6165916037314,30.2670025615576,31.8365722209838
483,30.5545739555694,30.1707551797263,32.1803609957271
484,30.6351951977143,30.2571104135675,32.0146156409204
485,30.9762052707216,30.288978582464,32.0412485029503
486,30.5756407133001,29.7503449478337,32.1131765563653
487,31.0032035751918,29.9843024876802,32.3003033230527
488,30.4999860384817,30.1501711542006,32.3559359138908
489,30.5747707631355,30.3878017253576,32.0697193109076
490,30.598931873724,29.9917901436512,32.3227720735389
491,30.6757069424789,29.9448975785426,32.4353318714624
492,30.436887271934,29.7915592317736,32.4364189032298
493,30.4331833244585,30.3102553678113,32.3442285879807
494,30.6369843708344,30.0280103133719,32.4173911805104
495,30.4444139250769,30.1678609879582,32.0674896175582
496,29.9159044591178,30.1984592868862,31.639784897347
497,30.8112623707879,30.2049891737744,32.3296696255424
498,30.7098580676567,30.4035658433441,32.3609003570448
499,30.6803208703872,30.4160920600118,32.1281735537886
500,30.9640806253584,30.6634108098848,32.0656239895539
501,30.4578200390235,30.4498710638695,32.0575932427998
502,31.0620827083345,30.6991696863506,32.0653994239771
503,30.6758094481672,30.670381539239,31.9833416380698
504,30.4176406001257,30.6989306872522,32.0343026253897
505,31.2900484961127,30.6001577280582,31.8873256332945
506,30.5338753162896,29.970355594519,32.3396378961813
507,30.677203491399,29.9425642671079,32.1457409704604
508,30.4805050902931,30.5631096639225,31.8827987937041
509,30.5890997242168,30.4762780131403,32.2282492681096
510,30.228762277978,30.6776611557959,32.100351570635
511,30.8160290836124,30.4317884106932,31.7901801791636
512,30.4942563171686,31.2366341069153,32.2840337860838
513,30.6974117323526,30.8398257529327,32.5534163200999
514,30.6582799046399,30.6683842482765,31.8231951885559
515,30.4913399723379,30.0842424981628,31.9999274990776
516,31.4696830124896,30.7461858930109,31.929106642407
517,30.9905278246434,30.7138349313161,32.062866896083
518,30.746915138307,30.0458027183577,32.471594352299
519,31.1020464742936,30.9050401063775,32.50527800416
520,31.0583380695597,30.7770593356609,32.2036403571027
521,30.545057280936,30.1997853645509,32.1485133457951
522,30.8203122599207,30.4513481235047,32.1185875588687
523,30.9566755935596,30.5259893162897,32.2710602074366
524,31.2999383961665,30.5793038073363,31.979558843203
525,30.8857281922935,30.6341626117579,31.7891732223654
526,30.8629578028448,30.5086788718061,32.6022055709183
527,30.9927078336279,30.3689048968041,31.9576339664745
528,30.6225359016188,30.7216561643044,32.0456848679505
529,30.5273731553591,30.6421923085086,31.9299186850569
530,30.7599544523467,30.8322045837187,32.1224035394498
531,30.8263325935638,30.7925533979111,32.1999057156428
532,31.1622750794196,30.7593618513803,32.1732597365488
533,31.1122942530608,30.4984477687547,32.0601178503841
534,31.0370702718832,30.772837841881,31.3552838172386
535,31.1143697760827,30.7377530538327,31.6278857885868
536,30.8251104563924,30.6143113465572,32.1118269833361
537,31.2658949711655,30.4594075439354,32.0918182366763
538,30.5279950719823,30.4332989509268,32.1567831215149
539,30.4657932111862,30.1655629128983,31.5043074975615
540,30.284575043586,30.2981084267742,31.8709520047416
541,31.0678007627239,30.721811451586,31.869585813519
542,31.2284848834515,30.861240044922,31.961654868509
543,30.6206728472293,30.3912434697764,32.0815783816983
544,30.6408305435076,30.1322430518472,31.9227436213044
545,30.3731589553145,30.5108211542013,31.823077517761
546,30.5134167020967,30.2081621408948,31.2504567554887
547,30.5352492887023,30.4654203211847,31.685487177948
548,30.2362702086933,30.3778310533769,30.8600557168407
549,30.6946558507728,30.5277673832244,31.7458525222167
550,30.9164272342487,30.1978632074313,31.3209037579365
551,30.6800675974725,30.4511519068447,31.993114047793
552,30.5515594674919,30.2968344467887,31.8718406759779
553,30.4599557921985,30.4296082373991,31.909090585815
554,30.5508631316836,29.9572556703998,32.4145316770096
555,30.7188132212865,30.5315797613042,31.4495047107774
556,30.9714861728544,30.8076458641655,31.6351310999347
557,30.7733319279601,30.1575464839084,32.3533464091019
558,30.7622565742403,30.7063840381861,32.3685956176511
559,30.914767311692,30.6117179086969,32.1159493310477
560,30.5616433321471,30.5704339576374,32.0663393989917
561,30.6178943727823,30.3262688970084,31.3368777505153
562,30.9294160622974,30.5231602558889,31.9004311977157
563,30.3942657676675,30.0639777648234,32.2013789700255
564,30.8270380291903,30.4228268874959,31.9516022419261
565,30.1329919293959,30.2858239204226,31.9382304884539
566,30.4018722815515,30.6658949809621,31.4304425269158
567,30.0589068195898,30.8342417070828,31.725794478076
568,30.5642064807031,30.8374465606469,31.9961813929183
569,30.1682248681284,30.8309415668803,31.8245326422421
570,30.701801656,30.7085833528887,32.0693884041722
571,30.8846450045266,30.7588014244458,31.8159666152742
572,30.7520966961767,30.8493894052848,32.1185164040262
573,30.6844274239069,30.525150829878,31.9171484089861
574,30.7766673559508,30.3452175304781,32.0780878785562
575,30.2395483689067,30.181491855304,31.9242924799684
576,30.4686655874052,30.5032562082288,32.1838036244036
577,30.4316351705518,30.6423548631874,31.4500925398761
578,30.269996652196,30.2883434983867,32.2319456912042
579,30.5429569830003,30.9312829172216,32.3310806846763
580,30.8682049956454,30.7250584947411,32.0823981358076
581,30.9053747074029,30.6079358126289,32.0656307770569
582,30.1727553627717,30.937861918614,32.0715431983271
583,30.4844549210137,31.0226555755617,32.220035429935
584,30.2713719654847,30.6756448671205,31.6966156895332
585,30.6589649253734,30.648243666763,31.9927088555254
586,30.5663547536898,30.6930072360782,31.6429618074251
587,30.6884969935037,30.5014651626352,32.1210009489658
588,30.4099728144988,31.1415204797713,32.2475143055914
589,30.6568258897563,30.5081606544443,32.0014276820592
590,30.9201445721319,30.9920341934828,31.8167249925511
591,30.8329655745972,30.6461044056247,32.145278078912
592,30.9487645272963,30.7352688518345,31.696346085825
593,30.4572574090917,30.6364602441548,32.2369171071477
594,30.787959461624,30.7551678658506,32.521158914744
595,30.8182835372115,31.1247586383566,32.253017756864
596,30.8068082449875,30.7757840809909,32.1991468945074
597,30.9256893251942,31.2477168190264,32.4724428408527
598,30.2653706641538,31.0930229994753,32.3872616370308
599,30.4330530470504,30.9746544294939,32.5220631764578
600,30.5932390035243,30.6156877105956,32.2782003259582
601,30.6676636798771,30.8780548595213,32.3468569971144
602,30.5827349429048,30.9166734423173,32.0984709496922
603,30.6026976068973,30.6623203700333,32.1752852641336
604,30.7813125438369,31.0957468518461,32.3209750118334
605,30.9952967288506,30.9908189899717,32.5031542658047
606,31.0536772893789,30.6576588807667,32.178171017643
607,30.8861980128153,30.4023471353415,32.0162190712963
608,30.8252170984741,30.8767679548228,32.5789370602605
609,30.8631474643101,30.4433799614113,32.3766095355219
610,30.664712538503,30.8857329044964,32.2909809988981
611,31.1120223933425,30.155618783706,31.7295914743419
612,30.9456042956507,30.7413100701375,32.1535336675537
613,30.9464456323469,30.583259553875,31.9845375013527
614,30.2626261158023,30.4223194833,31.7586175876674
615,30.9688089460915,30.590104702821,32.1687212434938
616,31.108759076893,30.9875060553968,32.1361253208891
617,31.059975278731,30.3421135785076,32.1429180969877
618,30.899462092124,30.9570446359849,32.2829507726837
619,30.5279529901131,30.5331130308715,32.2618899079541
620,30.5939588472978,30.6689874227641,31.7389152006413
621,30.769845792131,30.7672679538594,32.141930586443
622,30.5542877558091,30.0912950350979,31.8917844567337
623,30.8407605941831,30.277909821804,31.9605747446027
624,30.9487303426688,30.4632649801261,31.7308963922181
625,30.536383166604,30.5319279989926,31.583428602234
626,30.1882079383743,30.644792028947,31.6694084598506
627,30.4669588013753,30.6582417324326,31.2704171712668
628,30.4619672139002,31.0672462181903,31.7606364469972
629,30.3212962339376,30.6360371560677,32.0685809307046
630,30.2068388792393,30.727343481143,32.3235569379799
631,31.0358094164582,30.946112593566,32.3914347223507
632,31.3118056083702,30.5712328346274,32.0079695403332
633,30.7609550514351,30.2499311130556,32.502915500451
634,30.6472893250033,30.3983632304545,31.8969296856177
635,30.8503834314675,30.5404313985173,31.6827600916508
636,30.964288627377,30.5816561373339,32.1115702927075
637,31.2469978413233,30.7602836800571,32.043322917148
638,30.9599247339444,30.3914176973053,31.8392723447936
639,31.0537490112148,30.8508061092255,31.9989397040767
640,30.8736569744279,30.5365546517267,31.607458741909
641,30.424022650693,30.5359577141109,31.6524424609396
642,30.6859499671674,30.6704943810052,31.7442289512224
643,31.73188273085,30.500033861198,31.6873173464197
644,31.1760181154668,30.6643062332762,31.2812510214748
645,30.8638454078235,30.3477666438782,31.2421129678495
646,31.0157607451691,30.4947721146141,31.5914249600191
647,31.2793229331261,30.4557222005577,31.4449815622619
648,31.0851532814176,30.5240955320744,31.9766272278367
649,31.0108503175843,30.5543480720031,31.8389776430456
650,31.2103572452671,30.6236566870467,31.5098935463688
651,31.2978371627258,30.767933219737,31.9648581993782
652,31.327633472935,30.6981823622444,31.8011358231679
653,31.3923767990319,30.4223494897387,31.8434758536156
654,31.0624622435778,30.6798887026383,32.0552894782695
655,31.3188986959807,30.8381797607486,31.3545385879315
656,31.3315648251752,30.5108846697948,31.5642072895856
657,31.3385371092251,30.6074090490585,31.7430818460484
658,31.4303565608276,30.2347658173323,31.7130202440356
659,31.1461026944044,30.6041879229192,31.1300320663065
660,31.2602265629386,30.4754174031608,31.4867048882789
661,31.2071033474153,30.5824121309385,31.4357628035101
662,31.136236151121,30.8944501006314,31.4720416935161
663,30.9022837129943,30.8007006794414,31.5678698146162
664,31.0794899942372,30.9803483386444,31.5244814446326
665,31.3694628360757,30.3638994967371,31.6166245874098
666,30.6422524721611,30.4769778521261,32.1658111200044
667,30.7400407992402,30.5013041861754,32.0136426450242
668,30.577430409374,30.6573742891945,31.4353511867549
669,30.4162839784254,30.6520311015496,31.4933017884259
670,30.7018912581497,30.2666107783667,31.1640957978321
671,30.2422487825804,30.6892449849961,31.4660017830273
672,30.4013406464113,30.4684162101121,31.433958710766
673,30.6008526292908,30.63507481524,31.2799037102652
674,30.118523413964,30.2646756720068,31.2590662061085
675,30.4827974442656,30.3418768429903,31.2647290449744
676,30.2993947915329,30.6191593787646,31.8448621644613
677,30.0882837789066,30.7557411611218,31.5586593171429
678,30.945622150209,30.2438487980312,31.8880602871395
679,30.7610152547125,30.3477908743044,31.480311135495
680,30.8180800242,30.3069150114614,31.5163081552046
681,30.8936064003888,30.083174848536,31.1766878936755
682,30.8357578300288,30.1676540638531,31.6085718057653
683,30.3802225521224,29.962435915521,30.7183217017145
684,30.3297241299427,30.4137269803397,31.0621260044878
685,30.7883782451947,30.0480488698897,30.5516080331062
686,30.690160629038,30.6362852921599,30.637284397034
687,31.1413057954091,30.0520148847917,30.8999476264659
688,31.2027055085294,30.0384423144284,30.931570273247
689,30.6855454339562,29.9973341727399,30.9211866760986
690,31.2502621381367,30.2592363773515,30.6211510442041
691,30.4254048435568,29.9605806198874,30.8627374286901
692,30.0430060893512,30.7001440084742,30.9729500663551
693,29.9838857019392,30.3949654962977,30.8447480700538
694,30.0829268808625,30.4293322284422,30.8457578342427
695,30.6313796572913,30.202269888447,31.1733215375031
696,30.6374369487606,30.3413464481485,30.8502629804744
697,30.925360701455,30.6567562502973,30.8280720904975
698,30.1011991539638,30.2663976472719,30.731831760919
699,30.4258661589032,30.1270006084562,30.5032787250023
700,30.3001000376731,29.8104370170086,30.5127435960195
701,30.3419899337493,30.1512717920776,30.8043612681787
702,30.7215226254445,29.9605014670829,30.7999591303183
703,30.6041421946051,29.7415856751838,30.7214527629941
704,30.7144289733624,29.8098550703063,31.1442471427822
705,30.7570443159575,30.2648709081428,30.7434521233647
706,30.81771182018,29.739025220222,30.8408286726177
707,30.7876716113818,29.980787193521,30.6573946499123
708,30.7951670523416,29.9450732675372,30.9133377615452
709,30.3028983662446,30.2677288580035,30.1937600676177
710,31.2989814304298,30.4700408802069,30.4918258017512
711,30.7166807619791,30.4816374038368,30.2337006137872
712,30.9615533087985,30.5099411105284,30.7926371293651
713,31.8156909131366,30.6557636280543,30.3552720608372
714,31.9550318920425,30.3515622854693,30.3483172915541
715,31.2614999441482,31.0005283052687,30.3184848905791
716,30.8345047188901,31.0470277416862,31.1266838971785
717,30.9917980491073,30.9041595593927,30.6083125560216
718,31.0372378215646,30.4410070350719,30.6600818327674
719,30.8647603293094,30.4690584636189,30.8837434658798
720,30.7327138146905,30.1776186873238,30.4400500116648
721,30.7876631606041,30.6088392711055,30.7098490466412
722,30.5362184108641,30.7802145249161,30.922883079951
723,30.2996015220057,30.0496045500774,30.5162970187098
724,30.3332618990175,30.5294869225751,30.5453334391612
725,30.607791595659,30.3045331058515,30.1947916930489
726,30.5324509712811,30.2113868787611,30.2747687493965
727,30.0747702186693,30.2654401308097,30.2217146370271
728,30.3733286484134,30.5085027346551,30.411824851267
729,30.2642307592307,30.127862170771,30.303798957628
730,31.0068776895698,30.3000360935051,30.0621684851295
731,30.5565475218736,30.424209579751,30.1411746909418
732,30.5239526666402,30.3613661148014,30.2277611156733
733,30.3664542540545,29.9528924570605,30.3035596396056
734,31.056665627565,30.392024464723,30.4718209381639
735,30.5394167516939,30.6366365523316,30.0628187569772
736,31.0808386898178,30.1202097071968,29.7494737345989
737,30.3843924365598,30.388425450056,29.8867863799223
738,30.4524001045216,30.1303136741018,30.1833988659939
739,30.0364928546975,30.1885685791991,30.3356910859235
740,30.4745663810618,30.6162477816051,30.3473841570644
741,30.9516657763071,30.7210369270838,30.2342224008791
742,31.1084431689266,30.8166212159793,30.2007266174705
743,30.764721734552,30.8265561164359,29.9613657923023
744,31.3225118655943,30.6444401688223,30.4513249118127
745,31.1305667300284,30.8625025919498,30.5800748675285
746,31.3769043520557,30.8560640842717,30.1768833046664
747,31.4243629050003,30.8173459997796,29.8321538376917
748,30.4741564795907,30.6080343331606,30.2066251755963
749,31.2252567082898,30.6318637737825,29.8830887320741
750,30.586869372715,30.6085610932046,30.5363282028678
751,30.5567598070048,30.4676974380291,30.6428324836937
752,30.211913837178,30.260173110357,30.5183562585153
753,30.6350816423757,30.4162612318463,30.5779609527761
754,30.2059552585782,30.5157484937498,30.504782092042
755,31.1610823914929,30.5123007107798,30.12864292251
756,31.2028268171682,30.3791024394805,30.9793382595205
757,30.8026021553744,30.3937529186644,30.5534857165236
758,30.7937190897923,30.4731256287789,30.951872620565
759,30.5281133792508,30.659364453718,30.6958160692889
760,30.7008980953197,30.2884250091988,30.7212399673949
761,29.992592391938,30.3483962226675,31.1115245275124
762,30.6033323651019,30.6067285690032,30.8362758242538
763,30.6478618265149,30.5761440360981,30.6742538245335
764,30.9862644269634,30.1515144940971,30.6456531180557
765,31.1366951565655,30.2681025772537,30.200384399033
766,30.8982149789843,30.7021628223431,29.8614131939789
767,30.8518748111614,30.7683797833703,30.3686271316851
768,30.863483972212,30.862089261031,30.6083170801755
769,30.4769716292225,31.0219703318763,30.992208522718
770,30.4134021160933,30.6161566227521,30.7179676635485
771,30.583973167177,30.5797390026967,30.8231542395054
772,30.9260453648582,30.1816970960443,30.7452066446278
773,30.9591479854797,30.7741749682088,30.8134218303759
774,30.153978416225,30.789233260504,30.3197236254589
775,30.91765830784,30.3414234058339,30.6626275747027
776,30.2464035432972,30.6641250484239,30.8023947331218
777,30.6709240328037,30.4593112874951,30.503469727514
778,30.9897200699826,30.3717917439498,30.4373367810105
779,30.3340035947535,30.9687607883501,30.8127751934419
780,30.967883533057,30.8553359643415,30.7449950091703
781,31.1568212869852,30.573772192548,31.0220458866853
782,30.8920364676201,30.3054246600469,31.1529203830223
783,31.2816498751778,30.7064511398323,30.90595740092
784,30.8776409939517,30.0743348964177,30.876973819082
785,30.6728944964708,30.6048031014272,30.7661481106619
786,30.5089392843442,30.5266788628242,30.8504076191109
787,30.5796938397438,30.3456153698192,30.6616109401568
788,30.3297651320999,30.7429517084033,30.8684777356425
789,30.4786423553629,30.5623700124425,30.7695391506177
790,30.7962480118546,30.3239297058145,30.7411642430761
791,30.5934437548134,30.2904996140526,30.3263798978834
792,30.436522222924,30.5418198223095,30.9500140963914
793,30.3904794027149,30.6899426300375,30.9424845229799
794,30.5160344362169,30.8586069471242,30.9349462141367
795,30.5049639196564,30.6690211239589,30.9461161678614
796,30.2281563911618,30.8445856718053,30.9029312629197
797,29.9673954259204,30.7647192677138,30.7473808616438
798,30.1782300086998,30.4300587601243,30.9784486962837
799,30.2701029391578,30.5848072590364,30.6577835762604
800,30.9063117865815,30.4439463931734,30.8126711578007
801,30.7446943143645,30.9616202878743,31.0900220583853
802,30.5220909854269,30.4602410122849,30.9666968319673
803,30.6826965588994,30.2271734099422,30.9588177745002
804,30.5247370540442,30.2978164196859,31.5260838557653
805,30.7177160780642,30.5250964058511,31.2425251452083
806,30.8774336381131,30.9089596503176,31.3987725062575
807,30.823063283988,31.0887940413445,31.2165559054291
808,30.3714372242839,30.7320962530383,31.0523299300589
809,30.9302315271432,30.6098908821512,30.9445827917043
810,30.8175385592259,30.6557763510993,30.818216651481
811,30.7431171348982,30.5757163941416,30.7408304357884
812,30.6580805358137,31.0009559422259,30.6352980486779
813,31.2467753774176,31.2199083106893,30.8726501825079
814,31.4061846875889,30.494183911642,30.6399510249812
815,31.294114310813,30.3731059018592,30.7457666828241
816,30.8109930912399,30.5837975558008,30.8750514437385
817,30.9744025524389,30.3907808947351,30.9211608785126
818,30.9832217026945,30.5717922223047,30.9481392341618
819,30.8276186116704,30.6792916453711,30.7120928435453
820,30.6800234180129,30.3422586543959,30.9561066330793
821,30.7351627161095,30.5902366615578,31.4303971862057
822,30.8464694407206,30.1533080298696,31.0160213563398
823,30.4102976776911,29.9802245415935,30.9940268188405
824,30.799556906972,30.5315591293645,30.8259304842749
825,30.598007949954,30.2042278284711,30.2402262777711
826,30.7037197534077,30.1428454189776,30.7075314844277
827,30.6497045988561,30.3858330717427,31.0186316410205
828,30.6360671542719,30.9579630533789,30.8423354521723
829,30.8866301909553,30.8274351987281,30.9036054265778
830,30.8724330921471,30.8120604332667,30.5400273298856
831,30.9967317356156,30.9196897232443,30.6081005327282
832,30.4586169381772,30.820949800273,31.0061509842081
833,30.6756315902215,30.9797554285435,30.8097770058621
834,30.5541787302688,30.1275826766264,30.7326584879587
835,30.5804147468952,30.6061202800377,30.7119857248541
836,30.2706627176713,30.3727108321552,31.0058056725817
837,30.6547271082108,30.4071982271364,31.005278837041
838,31.022224272864,30.6948567054903,30.9937698871564
839,30.7223707232135,30.2350453986042,31.0067626284312
840,30.843886304903,30.2628028829837,30.7186976701832
841,31.0608383042844,30.6636580513662,30.8797612199642
842,31.0659139001899,30.4095871987737,30.5968127025444
843,30.7314461783841,30.3382405087387,30.675979068977
844,31.5060503746358,30.1246564658328,30.7930942750572
845,30.9928693344845,30.5683101842179,30.53672748463
846,31.0856261521355,30.5382420648998,30.7111966260371
847,31.2405071252789,30.2287642117548,30.4101608004113
848,31.1033338290199,30.6529354563011,30.3652070457289
849,31.2427208940797,30.2869665478213,30.7753098122309
850,31.2284601377397,30.4932106123048,30.5945777018762
851,31.3070984859922,30.3344979287153,30.1764467714642
852,31.2113194583011,30.9306649617914,30.5026056906531
853,31.31940980958,30.2123013752976,30.7865759676737
854,30.8186785013205,30.5416170293267,30.822742000519
855,31.3164015215746,30.4822666034627,30.9656588561017
856,31.3010141483989,30.7506102309409,30.7598220763544
857,31.6798304157479,30.59458070394,31.0323344175146
858,30.9619752716855,30.1479233302724,31.0261365100951
859,31.4603510373655,30.1471875964619,31.2749080297327
860,31.2106701257535,29.9217137952961,30.6944689841824
861,31.0239774631934,30.3740936087559,30.7198355331766
862,30.6985203281806,30.2650893201915,30.9472111887219
863,31.2773615877739,30.078164291296,30.7596497868324
864,30.8628979453671,29.988779513227,30.5806259077295
865,30.7788557177775,30.2043748243692,30.4632579162846
866,31.4133054897939,30.145132550182,30.6785554221368
867,31.0192040808597,29.9367883767185,30.3542583585816
868,30.7745207620265,30.1405996387863,30.0945447120728
869,30.8976213295108,30.4130539281781,30.6452982202955
870,31.122010576832,30.5953497600763,30.4038755290717
871,30.7334306764927,30.3890364554549,30.5911559147275
872,31.1641104154738,30.1459137685161,30.455757973816
873,31.2067584363084,30.5927336767547,30.1592233302251
874,31.2781545839838,30.6497590247059,30.03185288354
875,30.4744714193635,30.800694471211,30.3440737499276
876,30.7982017137634,30.7873805807104,30.8273582796289
877,30.5636390051822,30.955771994808,30.771022685712
878,31.1039570239821,30.7868946368476,30.7324134557846
879,30.5457580255356,30.8435540037013,30.3735679479259
880,30.3744590757182,30.3371267453501,30.3963359599838
881,30.6248687862064,30.9053274447257,30.2679376132903
882,30.7007736230858,30.3802463536966,30.7989472090734
883,30.7327257844305,31.1808738153129,30.1163154097323
884,30.9942676410683,30.7400100527848,30.0701054987163
885,31.0152614249546,30.7052930789758,29.9325286504447
886,30.9721653676653,30.4481168050155,29.9529248463643
887,31.047519923467,30.8780749601267,30.0605359578549
888,30.7211652758488,30.616854012858,30.0733773194154
889,30.7795784269914,30.5719406557911,30.3497144349634
890,31.1786404941358,30.0434390682539,30.7059893527666
891,31.1393640081364,30.5766979787053,30.8011858774814
892,30.9721727278633,30.5672457587865,30.7116697901304
893,31.4607323879818,30.3975509869473,30.2382574704039
894,30.9816840053334,30.2789928275579,30.2928873294978
895,31.0072298097879,30.5905559081971,30.56406059785
896,30.8930083147411,30.6491468059896,30.567087785301
897,31.0368422208808,30.5377521031578,30.7625997001083
898,31.229707494653,30.4775529954082,30.2300032917282
899,30.6795901823599,30.9527315466733,30.5536905153385
900,31.2301734922714,30.3359878512999,31.0990499603878
901,31.2625360269534,30.4788440394016,30.8099935374381
902,31.3361631692153,30.1745566253922,30.4258731223442
903,31.149938334771,30.665637549432,30.1276173559657
904,30.5368555982658,30.7825454650425,30.0356814153218
905,30.2714859545712,30.3081571673133,30.2236206150123
906,30.7241299340648,30.1180472023686,30.2963390137478
907,30.5950530878811,30.3706025122447,30.2393027759745
908,30.6506543689626,30.6621567352403,30.1541419242921
909,31.1326071690352,30.6819693844892,30.3267867354553
910,30.7873887821372,30.6658301926235,29.8229328313567
911,30.8044961663451,30.3160801176988,30.4588078764004
912,30.9098845615542,30.5210382315252,29.7045515755073
913,30.7432333120724,30.684407822575,30.2337522701479
914,30.5255673736306,30.6897584328329,30.5372423432169
915,30.6714523286969,30.8443216203119,30.3708475971686
916,30.1834156158811,30.3156995838524,30.1510567497859
917,30.7288900079957,30.602098728915,30.1099012662512
918,30.4448045158597,30.4610570880287,30.2801668192127
919,30.7109867619438,30.5177104152137,30.0389659183995
920,30.2683746930414,30.7756789311482,30.0919199882699
921,30.4079216148895,30.8154155133367,30.3168676189288
922,30.3446508741454,30.3564889088736,30.545196286165
923,30.1102004109983,30.4395737651022,29.9921490782994
924,30.6194662992997,30.3666870812846,30.1849260083131
925,30.2464648028275,30.3956474754839,30.3134654852079
926,30.378670268604,30.8646807066647,29.8940958070707
927,30.2380004862235,30.5626711604144,30.0575936134886
928,30.3586004326885,30.4973686440404,30.6007501600112
929,30.7413825571958,30.9908964551847,29.9399791635339
930,30.6426143694417,30.757798598178,30.1475267849674
931,30.264385511403,30.631186043942,30.3163904489686
932,30.7052470843019,30.8901923521898,30.3172905237196
933,31.1984823830191,30.5514926256673,30.7284257263699
934,30.4578292653328,30.6664179127191,30.2815838379862
935,31.0151808068082,30.3397838543123,30.1171729838976
936,30.4632680336686,30.7385815023985,30.396543833151
937,30.3300365813908,30.3537791678829,30.7026955655549
938,30.0415424584982,30.7563204078059,30.1414788702927
939,30.4861039231767,30.1736657987775,30.1748617528052
940,30.3108386923219,30.6055897493942,30.6901898528467
941,30.3874137819953,30.6121029487971,30.6950535353738
942,30.1732846308667,31.0345977022353,30.4707897944146
943,30.2523297086283,30.871187090198,29.8704062683621
944,30.7138084364114,31.0104464567205,30.6930670496031
945,30.3883280340554,30.5683745665376,30.7067032370743
946,30.5400110299023,30.5687910069106,30.7317635698788
947,31.1150776698058,30.2732886006854,30.2554442042558
948,30.6553692634678,30.4081477775656,30.5062727751597
949,30.9284408117686,30.3868483356611,30.207759917105
950,30.525828702348,30.4639699691592,30.534415991036
951,30.5122750206555,30.9364535103253,30.1806528155354
952,30.2826853197689,30.8630945637545,30.3608325486903
953,30.5079172404753,30.3007408136449,30.3299313874194
954,30.8286875337887,30.6637185228021,30.229127104075
955,30.4420487728901,30.6160703634109,30.5195203188309
956,30.9510189598289,30.6098064304854,30.1560048341923
957,30.8418424164136,30.3334575079037,30.3009488969419
958,30.5858530457898,30.0992440972876,30.6447230713504
959,30.3442444003354,30.7033256183934,30.1541905932456
960,30.2703705078949,30.4923157411573,30.7582674651346
961,30.5437316211054,30.5875205378941,30.4903477111673
962,30.3448441768645,30.6197114123191,30.2320533101515
963,30.6201294518521,30.5692842801526,30.3614458040908
964,31.01007098293,30.5982367832456,30.1609370413333
965,30.942103625085,30.5034727067865,30.367021706708
966,30.825307231949,30.516396372585,30.502297861495
967,31.0002412191409,30.5951196180886,30.4361489082653
968,31.3909267618319,30.6506067119177,30.3119984799549
969,30.8011442221616,30.5086684812113,30.1031456794769
970,30.4985113359578,30.8645301083779,30.3382690644089
971,30.3557694304953,30.8063788445717,30.5017540671994
972,29.8619762106871,30.8807027627862,30.4933815199801
973,30.3800349673294,30.8992324690107,30.4091365234019
974,30.2751381434711,30.8816588810251,30.089819283023
975,30.2710082417786,30.5680962685831,30.5933822281388
976,30.0514803964639,30.8444199793402,30.5029659651132
977,30.0310858599882,30.9188894376533,30.1232152726781
978,30.340529237192,30.7976375003884,30.3570379864092
979,30.0042342458421,31.0112306023797,29.8037525267524
980,30.4043134781927,31.1771228920941,30.392131722402
981,30.4942478021421,31.050550896604,30.3872395644679
982,30.4681719975139,30.6693532206518,30.0195711189327
983,30.067737427519,30.4862539143391,30.4565105324615
984,30.2933544793876,30.8860796239239,30.4509294114588
985,30.7325151119436,30.5678699484343,30.4773425202259
986,30.5439156133873,30.4915852401394,29.9895222370886
987,30.3542717774413,31.095651966577,30.3407417597485
988,30.9322145210201,30.416087320749,30.6934400797928
989,30.1933907760714,30.7566557676595,30.3883197675694
990,30.2917482081372,30.6779185428716,30.0292593805024
991,30.7394720277133,30.2636814959172,30.6776347753873
992,30.0837840548896,30.5883853275524,30.4846248360297
993,30.6893128476593,30.002786892262,30.1964277389948
994,30.4709023345871,30.6067080183695,30.289677721589
995,31.1006483764206,30.7014480505153,30.2204113136878
996,31.2213402088118,30.3081201115153,30.4575049083203
997,31.0403795889831,30.2802261986799,30.7704142146525
998,30.2581351407654,30.3569183081871,30.7349998781499
999,30.5233531030276,30.3608809606514,30.5520992780799
1000,31.0633063952428,30.6495010285783,30.4967099219507
1001,30.331554887083,30.3807390162189,30.0921222900242
